&INPUTS
d = 2
n = 3
dt = 0.01
t_max = 10.0
xinits11 = -1.0
xinits12 = 0.0
xinits21 = 1.0
xinits22 = 0.0
xinits31 = 0.0
xinits32 = 0.0
vinits11 = 0.347111
vinits12 = 0.532728
vinits21 = 0.347111
vinits22 = 0.532728
vinits31 = -0.694222
vinits32 = -1.065456
/
