&INPUTS
d = 2
n = 3
dt = 0.001
t_max = 10.0
xinits11 = -0.602885898116520
xinits12 = 0.059162128863347
xinits21 = 0.252709795391000
xinits22 = 0.058254872224370
xinits31 = -0.355389016941814
xinits32 = 0.038323764315145
vinits11 = 0.122913546623784
vinits12 = 0.747443868604908
vinits21 = -0.019325586404545
vinits22 = 1.369241993562101
vinits31 = -0.103587960218793
vinits32 = -2.116685862168820
/
